752658
952013
952013
952013
952013
952013
952013
952013
952013
952013
952013
952013
952013
952013
952013
1181503
1181503
1628285
1628285
1840475
1840475
1840475
1840475
1840475
1840475
1840475
1840475
1840475
2206315
2206315
2206315
2206315
2341534
2341534
2341534
2851014
2851014
2851014
2851014
3124061
3838897
3838897
4758121
4758121
4758121
4758121
4758121
4758121
4758121
4758121
4758121
4758121
4758121
5490193
5490193
5490193
5490193
5490193
5490193
5490193
5490193
5490193
6101619
6101619
6101619
6101619
6101619
6101619
6101619
6834762
6834762
6834762
7368124
7368124
7368124
7368124
7368124
7368124
7368124
7368124
7368124
7368124
7368124
7368124
7368124
7368124
7368124
7368124
7368124
7368124
7368124
7368124
7368124
7368124
7368124
7368124
7368124
7368124
7368124
7368124
7368124
7368124
7368124
7368124
7368124
7368124
7368124
7368124
7368124
7368124
7368124
7368124
7368124
7368124
7368124
7368124
7368124
7368124
7368124
7368124
7368124
7387851
7387851
7387851
7387851
7387851
7387851
7387851
7387851
7387851
7387851
7903462
7903462
7903462
7903462
7903462
7903462
7903462
7903462
7903462
7903462
7903462
7903462
7903462
7903462
8163439
8163439
8163439
8163439
8163439
8163439
8163439
8163439
8163439
8163439
9023075
9023075
9023075
9023075
9023075
9023075
9023075
9023075
9023075
9023075
9023075
9023075
9023075
9023075
9023075
9023075
9023075
9187403
9187403
9187403
9187403
9187403
9187403
9639774
9639774
9639774
9639774
9639774
9639774
9669977
9669977
9669977
9669977
9669977
9890674
9890674
9890674
10598836
10598836
10598836
10598836
10598836
10598836
10598836
11258923
11258923
11258923
11258923
11258923
11258923
11258923
11258923
11258923
11258923
11258923
11258923
11258923
11258923
11258923
11258923
11258923
11965683
11965683
12539484
12539484
12539484
12539484
12539484
12539484
12539484
12539484
13357807
13357807
13357807
13357807
13357807
13357807
13357807
13770074
13770074
13770074
13770074
13770074
13770074
13770074
13770074
13770074
13770074
13770074
13770074
13770074
13770074
13770074
13770074
13770074
13770074
13770074
13770074
13770074
13867979
13867979
13867979
13867979
14513168
14513168
14513168
14513168
14513168
14513168
14513168
14513168
14513168
14513168
14513168
14513168
14513168
14513168
14513168
14735723
14735723
14735723
15584700
16519689
16519689
16519689
16519689
16519689
16519689
16519689
16519689
16519689
16519689
16519689
16519689
16519689
16519689
16519689
16519689
16519689
16519689
16519689
16519689
17475095
18034434
18034434
18034434
18034434
18034434
18034434
18034434
18034434
18034434
18034434
18034434
18034434
18034434
18034434
18034434
18034434
18034434
18034434
18034434
18034434
18034434
18034434
18034434
18034434
18034434
18034434
18034434
18430936
18430936
18430936
18430936
18430936
18430936
18430936
18430936
18430936
18430936
18430936
18430936
18430936
18915170
19543678
19543678
19543678
19543678
19543678
19543678
19543678
19543678
19543678
20195430
20195430
20195430
20195430
20195430
20195430
20195430
20195430
20195430
20195430
20195430
20195430
20195430
21185129
21185129
21185129
21185129
21185129
21185129
21185129
21185129
21185129
21185129
21774677
22285225
22285225
22285225
22285225
23266016
23266016
23266016
23266016
23266016
23266016
23266016
23266016
23266016
23266016
23852673
23852673
23852673
23852673
23852673
23852673
23852673
23852673
23852673
23852673
23852673
23852673
23852673
23852673
23852673
24535183
24535183
24535183
24535183
24535183
24535183
24535183
24535183
24535183
24535183
24535183
24535183
24535183
24535183
24535183
24535183
24535183
24535183
24535183
24535183
24535183
24535183
24535183
24535183
24535183
24535183
24535183
25367978
25367978
25367978
25367978
25367978
25367978
25367978
25367978
25367978
25367978
25367978
25367978
25367978
25367978
25367978
25367978
25367978
25367978
25367978
25377323
25377323
25377323
25377323
26036976
26036976
26036976
26036976
26036976
26036976
26036976
26036976
26036976
26036976
26036976
26036976
26036976
26036976
26576926
26576926
26576926
26576926
26576926
26576926
26576926
26576926
26576926
26576926
26576926
26576926
26576926
26576926
26576926
26576926
26576926
26576926
26576926
26576926
26603009
26603009
26603009
26603009
26603009
26603009
26603009
26603009
26603009
26603009
26603009
26603009
26603009
27523543
27523543
27523543
27523543
27523543
27523543
27523543
27523543
27523543
27523543
27523543
28167213
28167213
28167213
28678488
28678488
28678488
28685872
28685872
28685872
29668483
29668483
29668483
29668483
29668483
29668483
29668483
29668483
29668483
29668483
29668483
29668483
29668483
29668483
29668483
29668483
29668483
29668483
29668483
29668483
29668483
29668483
29668483
30175419
30175419
30175419
30175419
30175419
30175419
30175419
30175419
30175419
30175419
30175419
30175419
30175419
30175419
30175419
30175419
30175419
30175419
30175419
30175419
30175419
30175419
30175419
30175419
30175419
30175419
30175419
30175419
30175419
30175419
30822564
31350819
31350819
31350819
31350819
31350819
31350819
31350819
31890140
31890140
31890140
31890140
31890140
31890140
31890140
31890140
31890140
31890140
31890140
31890140
31890140
31890140
31890140
31890140
31890140
31890140
31890140
31890140
31890140
31890140
31890140
31890140
31890140
31890140
31890140
31890140
31890140
31890140
31890140
31890140
31890140
31890140
31890140
31890140
31890140
31995329
31995329
32716704
32716704
32716704
32716704
32716704
32716704
32716704
32716704
32716704
32716704
32716704
33245069
33245069
33245069
33245069
33245069
33245069
33245069
33245069
33245069
33245069
33245069
33245069
33245069
33335186
33335186
33335186
33335186
33335186
33335186
33335186
33335186
33335186
33335186
33335186
33335186
33335186
33335186
33335186
33335186
33335186
33335186
33335186
33335186
33335186
33335186
33335186
33335186
33335186
33335186
34286304
34286304
34286304
34286304
34286304
34286304
34286304
34286304
34286304
34286304
34286304
34286304
34286304
34286304
34286304
34286304
34286304
34286304
34286304
34286304
34286304
34286304
34286304
34286304
34286304
34286304
34286304
34286304
35192517
35192517
35192517
35701515
35701515
35701515
35701515
35701515
35701515
35701515
35701515
35701515
35701515
35701515
35701515
35701515
35701515
35701515
35701515
35701515
35701515
36269632
36269632
36269632
36269632
36269632
36269632
36269632
36269632
36269632
36892724
36892724
37627815
37627815
37627815
37627815
37627815
37627815
37627815
37627815
37627815
37627815
37627815
37627815
37627815
37627815
37627815
37627815
37627815
37627815
37627815
37627815
37627815
37627815
37627815
37627815
37627815
37627815
37627815
37627815
37627815
37627815
37627815
37627815
37627815
37627815
37627815
37851229
37851229
37851229
37851229
37851229
37851229
37851229
37851229
37851229
37851229
37851229
37851229
37851229
38496425
38496425
38496425
38496425
38496425
38496425
38572030
38572030
38572030
38572030
38572030
38572030
38572030
38861822
38861822
38861822
38861822
38861822
39116204
39116204
39116204
39116204
39116204
39116204
39116204
39116204
39169760
39169760
39169760
39169760
39169760
39860628
40552547
41468411
41971877
41971877
41971877
41971877
41971877
41971877
41971877
41971877
41971877
41971877
41971877
41971877
41971877
41971877
41971877
41971877
41971877
41971877
41971877
41971877
41971877
41971877
41971877
41971877
41971877
42542282
42542282
42542282
42542282
42542282
42542282
42542282
42542282
42542282
42542282
42542282
42542282
42542282
42542282
42542282
42542282
42542282
42542282
42542282
42542282
42542282
42542282
42542282
42542282
43249367
43249367
43249367
43249367
43249367
43249367
43249367
43249367
43249367
43249367
43249367
43249367
43249367
43249367
43249367
43249367
43249367
43249367
43249367
43249367
43249367
43249367
43249367
43249367
43249367
43249367
43249367
43249367
43249367
43249367
43249367
43249367
43249367
43249367
43249367
43249367
43249367
44117192
44117192
44117192
44117192
44117192
44117192
44117192
44117192
44117192
44117192
44117192
44117192
44117192
44117192
44806311
45362806
45362806
45362806
45362806
45362806
45362806
45362806
45362806
45362806
45362806
46038431
46038431
46038431
46038431
46038431
46038431
46038431
46038431
46580012
46580012
47171734
47171734
47171734
47171734
47171734
47171734
47171734
47171734
47171734
47171734
47171734
47171734
47857424
47857424
47857424
47857424
47857424
47857424
47857424
47857424
47857424
47857424
47857424
47857424
47857424
47857424
47857424
47857424
47857424
47857424
47857424
47857424
48699288
48699288
48699288
48699288
48699288
48699288
48699288
48699288
48699288
48699288
49437561
50102425
50102425
50102425
50102425
50102425
50102425
50102425
50102425
50102425
50102425
50102425
50102425
50102425
50102425
50102425
50102425
50905444
50905444
51536785
51536785
51536785
51536785
51536785
51536785
51536785
51536785