752658
952013
952013
952013
952013
952013
952013
952013
952013
952013
952013
952013
952013
952013
952013
1181503
1181503
1628285
1628285
1840475
1840475
1840475
1840475
1840475
1840475
1840475
1840475
1840475
2206315
2206315
2206315
2206315
2341534
2341534
2341534
2851014
2851014
2851014
2851014
3124061
3838897
3838897
4758121
4758121
4758121
4758121
4758121
4758121
4758121
4758121
4758121
4758121
4758121
5490193
5490193
5490193
5490193
5490193
5490193
5490193
5490193
5490193
6101619
6101619
6101619
6101619
6101619
6101619
6101619
6834762
6834762
6834762
7368124
7368124
7368124
7368124
7368124
7368124
7368124
7368124
7368124
7368124
7368124
7368124
7368124
7368124
7368124
7368124
7368124
7368124
7368124
7368124
7368124
7368124
7368124
7368124
7368124
7368124
7368124
7368124
7368124
7368124
7368124
7368124
7368124
7368124
7368124
7368124
7368124
7368124
7368124
7368124
7368124
7368124
7368124
7368124
7368124
7368124
7368124
7368124
7368124
7387851
7387851
7387851
7387851
7387851
7387851
7387851
7387851
7387851
7387851
7903462
7903462
7903462
7903462
7903462
7903462
7903462
7903462
7903462
7903462
7903462
7903462
7903462
7903462
8163439
8163439
8163439
8163439
8163439
8163439
8163439
8163439
8163439
8163439
9023075
9023075
9023075
9023075
9023075
9023075
9023075
9023075
9023075
9023075
9023075
9023075
9023075
9023075
9023075
9023075
9023075
9187403
9187403
9187403
9187403
9187403
9187403
9639774
9639774
9639774
9639774
9639774
9639774
9669977
9669977
9669977
9669977
9669977
9890674
9890674
9890674
10598836
10598836
10598836
10598836
10598836
10598836
10598836
11258923
11258923
11258923
11258923
11258923
11258923
11258923
11258923
11258923
11258923
11258923
11258923
11258923
11258923
11258923
11258923
11258923
11965683
11965683
12539484
12539484
12539484
12539484
12539484
12539484
12539484
12539484
13357807
13357807
13357807
13357807
13357807
13357807
13357807
13770074
13770074
13770074
13770074
13770074
13770074
13770074
13770074
13770074
13770074
13770074
13770074
13770074
13770074
13770074
13770074
13770074
13770074
13770074
13770074
13770074
13867979
13867979
13867979
13867979
14513168
14513168
14513168
14513168
14513168
14513168
14513168
14513168
14513168
14513168
14513168
14513168
14513168
14513168
14513168
14735723
14735723
14735723
15584700
16519689
16519689
16519689
16519689
16519689
16519689
16519689
16519689
16519689
16519689
16519689
16519689
16519689
16519689
16519689
16519689
16519689
16519689
16519689
16519689
17475095
18034434
18034434
18034434
18034434
18034434
18034434
18034434
18034434
18034434
18034434
18034434
18034434
18034434
18034434
18034434
18034434
18034434
18034434
18034434
18034434
18034434
18034434
18034434
18034434
18034434
18034434
18034434
18430936
18430936
18430936
18430936
18430936
18430936
18430936
18430936
18430936
18430936
18430936
18430936
18430936
18915170
19543678
19543678
19543678
19543678
19543678
19543678
19543678
19543678
19543678
20195430
20195430
20195430
20195430
20195430
20195430
20195430
20195430
20195430
20195430
20195430
20195430
20195430
21185129
21185129
21185129
21185129
21185129
21185129
21185129
21185129
21185129
21185129
21774677
22285225
22285225
22285225
22285225
23266016
23266016
23266016
23266016
23266016
23266016
23266016
23266016
23266016
23266016
23852673
23852673
23852673
23852673
23852673
23852673
23852673
23852673
23852673
23852673
23852673
23852673
23852673
23852673
23852673
24535183
24535183
24535183
24535183
24535183
24535183
24535183
24535183
24535183
24535183
24535183
24535183
24535183
24535183
24535183
24535183
24535183
24535183
24535183
24535183
24535183
24535183
24535183
24535183
24535183
24535183
24535183
25367978
25367978
25367978
25367978
25367978
25367978
25367978
25367978
25367978
25367978
25367978
25367978
25367978
25367978
25367978
25367978
25367978
25367978
25367978
25367978
25367978
25367978
25367978
26036976
26036976
26036976
26036976
26036976
26036976
26036976
26036976
26036976
26036976
26036976
26036976
26036976
26036976
26576926
26576926
26576926
26576926
26576926
26576926
26576926
26576926
26576926
26576926
26576926
26576926
26576926
26576926
26576926
26576926
26576926
26576926
26576926
26576926
26576926
26576926
26576926
26576926
26576926
26576926
26576926
26576926
26576926
26576926
26576926
26576926
26576926
27454653
27454653
27454653
27454653
27454653
27454653
27454653
27454653
27454653
27454653
27454653
28098323
28098323
28098323
28609598
28609598
28609598
28616982
28616982
28616982
29599593
29599593
29599593
29599593
29599593
29599593
29599593
29599593
29599593
29599593
29599593
29599593
29599593
29599593
29599593
29599593
29599593
29599593
29599593
29599593
29599593
29599593
29599593
30106529
30106529
30106529
30106529
30106529
30106529
30106529
30106529
30106529
30106529
30106529
30106529
30106529
30106529
30106529
30106529
30106529
30106529
30106529
30106529
30106529
30106529
30106529
30106529
30106529
30106529
30106529
30106529
30106529
30106529
30753674
31281929
31281929
31281929
31281929
31281929
31281929
31281929
31821250
31821250
31821250
31821250
31821250
31821250
31821250
31821250
31821250
31821250
31821250
31821250
31821250
31821250
31821250
31821250
31821250
31821250
31821250
31821250
31821250
31821250
31821250
31821250
31821250
31821250
31821250
31821250
31821250
31821250
31821250
31821250
31821250
31821250
31821250
31821250
31821250
31995329
31995329
32647814
32647814
32647814
32647814
32647814
32647814
32647814
32647814
32647814
32647814
32647814
33176179
33176179
33176179
33176179
33176179
33176179
33176179
33176179
33176179
33176179
33176179
33176179
33176179
33266296
33266296
33266296
33266296
33266296
33266296
33317728
33317728
33317728
33317728
33317728
33317728
33317728
33317728
33317728
33317728
33317728
33317728
33317728
33317728
33317728
33317728
33317728
33317728
33317728
33317728
34217414
34217414
34217414
34217414
34217414
34217414
34217414
34217414
34217414
34217414
34217414
34231822
34231822
34231822
34231822
34231822
34231822
34231822
34231822
34231822
34231822
34231822
34231822
34231822
34231822
34231822
34231822
34231822
35123627
35123627
35123627
35632625
35632625
35632625
35632625
35632625
35632625
35632625
35632625
35632625
35632625
35632625
35632625
35632625
35632625
35632625
35632625
35632625
35632625
36200742
36200742
36200742
36200742
36200742
36200742
36200742
36200742
36200742
36823834
36823834
37558925
37558925
37558925
37558925
37558925
37558925
37558925
37558925
37558925
37558925
37558925
37558925
37558925
37558925
37558925
37558925
37558925
37558925
37558925
37558925
37558925
37558925
37558925
37558925
37558925
37558925
37558925
37558925
37558925
37558925
37558925
37558925
37558925
37558925
37558925
37782339
37782339
37782339
37782339
37782339
37782339
37782339
37782339
37782339
37782339
37782339
37782339
37782339
38427535
38427535
38427535
38427535
38427535
38427535
38572030
38572030
38572030
38572030
38572030
38572030
38572030
38792932
38792932
38792932
38792932
38792932
39116204
39116204
39116204
39116204
39116204
39116204
39116204
39116204
39116204
39116204
39116204
39116204
39116204
39791738
40483657
41399521
41902987
41902987
41902987
41902987
41902987
41902987
41902987
41902987
41902987
41902987
41902987
41902987
41902987
41902987
41902987
41902987
41902987
41902987
41902987
41902987
41902987
41902987
41902987
41902987
41902987
42473392
42473392
42473392
42473392
42473392
42473392
42473392
42473392
42473392
42473392
42473392
42473392
42473392
42473392
42473392
42473392
42473392
42473392
42473392
42473392
42473392
42473392
42473392
42473392
43180477
43180477
43180477
43180477
43180477
43180477
43180477
43180477
43180477
43180477
43180477
43180477
43180477
43180477
43180477
43180477
43180477
43180477
43180477
43180477
43180477
43180477
43180477
43180477
43180477
43180477
43180477
43180477
43180477
43180477
43180477
43180477
43180477
43180477
43180477
43180477
43180477
44048302
44048302
44048302
44048302
44048302
44048302
44048302
44048302
44048302
44048302
44048302
44048302
44048302
44048302
44737421
45293916
45293916
45293916
45293916
45293916
45293916
45293916
45293916
45293916
45293916
45969541
45969541
45969541
45969541
45969541
45969541
45969541
45969541
46511122
46511122
47102844
47102844
47102844
47102844
47102844
47102844
47102844
47102844
47102844
47102844
47102844
47102844
47788534
47788534
47788534
47788534
47788534
47788534
47788534
47788534
47788534
47788534
47788534
47788534
47788534
47788534
47788534
47788534
47788534
47788534
47788534
47788534
48630398
48630398
48630398
48630398
48630398
48630398
48630398
48630398
48630398
48630398
49368671
50033535
50033535
50033535
50033535
50033535
50033535
50033535
50033535
50033535
50033535
50033535
50033535
50033535
50033535
50033535
50033535
50836554
50836554
51467895
51467895
51467895
51467895
51467895
51467895
51467895
51467895